,DTCOMP,Pred_DTCOMP
5718,1200.15,135.83455
5719,1200.3024,133.87865
5720,1200.4548,138.86028
5721,1200.6072,140.35728
5722,1200.7596,138.41002
5723,1200.912,131.4615
5724,1201.0644,125.01675
5725,1201.2168,117.33275
5726,1201.3692,112.8446
5727,1201.5216,109.96206
5728,1201.674,110.85885
5729,1201.8264,111.85135
5730,1201.9788,111.9895
5731,1202.1312,113.689964
5732,1202.2836,114.933914
5733,1202.436,116.08538
5734,1202.5884,116.65988
5735,1202.7408,115.337555
5736,1202.8932,115.28693
5737,1203.0456,115.95233
5738,1203.198,116.289825
5739,1203.3504,116.370575
5740,1203.5028,117.13539
5741,1203.6552,117.13826
5742,1203.8076,117.06317
5743,1203.96,115.907364
5744,1204.1124,112.304276
5745,1204.2648,109.071045
5746,1204.4172,108.29495
5747,1204.5696,111.33494
5748,1204.722,114.677795
5749,1204.8744,116.81848
5750,1205.0268,117.513016
5751,1205.1792,117.13111
5752,1205.3316,116.162
5753,1205.484,117.05545
5754,1205.6364,118.82674
5755,1205.7888,118.63539
5756,1205.9412,119.13216
5757,1206.0936,119.181175
5758,1206.246,120.07446
5759,1206.3984,122.24634
5760,1206.5508,121.24344
5761,1206.7032,121.397766
5762,1206.8556,120.130424
5763,1207.008,117.081085
5764,1207.1604,116.691055
5765,1207.3128,113.778275
5766,1207.4652,112.91287
5767,1207.6176,114.317276
5768,1207.77,114.93787
5769,1207.9224,115.063934
5770,1208.0748,116.874825
5771,1208.2272,116.35092
5772,1208.3796,117.847374
5773,1208.532,117.950485
5774,1208.6844,116.67134
5775,1208.8368,115.936066
5776,1208.9892,116.45043
5777,1209.1416,119.20924
5778,1209.294,119.33523
5779,1209.4464,121.263016
5780,1209.5988,120.67323
5781,1209.7512,116.4786
5782,1209.9036,114.557625
5783,1210.056,114.231705
5784,1210.2084,113.75792
5785,1210.3608,112.47614
5786,1210.5132,111.35417
5787,1210.6656,108.655365
5788,1210.818,108.00983
5789,1210.9704,107.580696
5790,1211.1228,107.997284
5791,1211.2752,109.52726
5792,1211.4276,109.54962
5793,1211.58,111.60834
5794,1211.7324,112.6328
5795,1211.8848,111.14231
5796,1212.0372,112.39173
5797,1212.1896,113.07672
5798,1212.342,112.14581
5799,1212.4944,111.250374
5800,1212.6468,110.48602
5801,1212.7992,108.730225
5802,1212.9516,107.87968
5803,1213.104,109.719986
5804,1213.2564,112.21637
5805,1213.4088,112.961464
5806,1213.5612,112.78632
5807,1213.7136,108.97818
5808,1213.866,108.84247
5809,1214.0184,109.96767
5810,1214.1708,109.29693
5811,1214.3232,108.07737
5812,1214.4756,108.43963
5813,1214.628,115.24188
5814,1214.7804,121.22464
5815,1214.9328,132.44106
5816,1215.0852,137.18584
5817,1215.2376,136.22902
5818,1215.39,138.32794
5819,1215.5424,139.00124
5820,1215.6948,141.15068
5821,1215.8472,151.97523
5822,1215.9996,144.38034
5823,1216.152,134.59018
5824,1216.3044,127.20436
5825,1216.4568,115.53694
5826,1216.6092,112.88298
5827,1216.7616,112.8021
5828,1216.914,113.16155
5829,1217.0664,108.482635
5830,1217.2188,106.72563
5831,1217.3712,108.23036
5832,1217.5236,108.835594
5833,1217.676,110.644226
5834,1217.8284,109.90187
5835,1217.9808,111.162346
5836,1218.1332,110.745575
5837,1218.2856,110.96227
5838,1218.438,110.03948
5839,1218.5904,109.7845
5840,1218.7428,110.61688
5841,1218.8952,111.27251
5842,1219.0476,114.4023
5843,1219.2,116.203125
5844,1219.3524,115.49664
5845,1219.5048,115.40802
5846,1219.6572,113.000565
5847,1219.8096,111.76212
5848,1219.962,111.54773
5849,1220.1144,111.51201
5850,1220.2668,112.32332
5851,1220.4192,111.614365
5852,1220.5716,111.684784
5853,1220.724,111.77475
5854,1220.8764,109.94594
5855,1221.0288,111.02785
5856,1221.1812,111.13059
5857,1221.3336,110.40034
5858,1221.486,109.98443
5859,1221.6384,109.22267
5860,1221.7908,109.135056
5861,1221.9432,110.57281
5862,1222.0956,110.46642
5863,1222.248,110.03971
5864,1222.4004,108.695595
5865,1222.5528,107.326416
5866,1222.7052,112.81991
5867,1222.8576,120.474365
5868,1223.01,121.300995
5869,1223.1624,124.39691
5870,1223.3148,121.65411
5871,1223.4672,117.7357
5872,1223.6196,119.10904
5873,1223.772,122.1904
5874,1223.9244,123.53743
5875,1224.0768,122.9125
5876,1224.2292,123.368164
5877,1224.3816,112.118256
5878,1224.534,114.82604
5879,1224.6864,120.177025
5880,1224.8388,119.37709
5881,1224.9912,130.48723
5882,1225.1436,133.60268
5883,1225.296,134.54755
5884,1225.4484,135.54591
5885,1225.6008,137.94527
5886,1225.7532,129.72427
5887,1225.9056,120.32451
5888,1226.058,117.27225
5889,1226.2104,117.60962
5890,1226.3628,121.25283
5891,1226.5152,117.16472
5892,1226.6676,114.53137
5893,1226.82,108.84507
5894,1226.9724,107.90912
5895,1227.1248,107.7332
5896,1227.2772,106.27653
5897,1227.4296,106.95769
5898,1227.582,108.48389
5899,1227.7344,106.41306
5900,1227.8868,110.24094
5901,1228.0392,111.6639
5902,1228.1916,112.459045
5903,1228.344,111.781265
5904,1228.4964,110.06544
5905,1228.6488,108.344666
5906,1228.8012,108.49954
5907,1228.9536,109.308975
5908,1229.106,110.562805
5909,1229.2584,109.62192
5910,1229.4108,109.52925
5911,1229.5632,109.67904
5912,1229.7156,110.06864
5913,1229.868,109.57419
5914,1230.0204,108.865616
5915,1230.1728,108.48421
5916,1230.3252,109.32028
5917,1230.4776,108.62912
5918,1230.63,108.8245
5919,1230.7824,110.1994
5920,1230.9348,112.73142
5921,1231.0872,111.36101
5922,1231.2396,110.392426
5923,1231.392,111.30032
5924,1231.5444,111.04605
5925,1231.6968,110.31604
5926,1231.8492,109.300385
5927,1232.0016,112.138916
5928,1232.154,114.39815
5929,1232.3064,113.51915
5930,1232.4588,110.10069
5931,1232.6112,111.18581
5932,1232.7636,109.831116
5933,1232.916,106.166855
5934,1233.0684,106.6189
5935,1233.2208,108.570694
5936,1233.3732,114.15996
5937,1233.5256,116.43077
5938,1233.678,113.54881
5939,1233.8304,112.594765
5940,1233.9828,110.711685
5941,1234.1352,110.317
5942,1234.2876,111.87009
5943,1234.44,108.456085
5944,1234.5924,108.026146
5945,1234.7448,110.3444
5946,1234.8972,112.91719
5947,1235.0496,111.43651
5948,1235.202,109.28817
5949,1235.3544,106.53317
5950,1235.5068,106.88264
5951,1235.6592,108.63608
5952,1235.8116,113.22064
5953,1235.964,119.83438
5954,1236.1164,123.527084
5955,1236.2688,124.79463
5956,1236.4212,123.922424
5957,1236.5736,122.214035
5958,1236.726,121.53877
5959,1236.8784,122.787
5960,1237.0308,122.51628
5961,1237.1832,121.33946
5962,1237.3356,122.53169
5963,1237.488,122.751686
5964,1237.6404,122.54724
5965,1237.7928,124.90822
5966,1237.9452,123.28473
5967,1238.0976,123.04067
5968,1238.25,123.26703
5969,1238.4024,122.664276
5970,1238.5548,122.90283
5971,1238.7072,124.61155
5972,1238.8596,124.77426
5973,1239.012,126.57919
5974,1239.1644,128.50317
5975,1239.3168,125.813736
5976,1239.4692,124.658
5977,1239.6216,122.229675
5978,1239.774,123.02303
5979,1239.9264,123.513855
5980,1240.0788,123.86868
5981,1240.2312,124.03209
5982,1240.3836,124.1192
5983,1240.536,124.46623
5984,1240.6884,124.08809
5985,1240.8408,124.64761
5986,1240.9932,124.29765
5987,1241.1456,123.84151
5988,1241.298,124.05551
5989,1241.4504,123.13924
5990,1241.6028,122.89615
5991,1241.7552,122.69756
5992,1241.9076,122.48384
5993,1242.06,122.444565
5994,1242.2124,122.58957
5995,1242.3648,123.096695
5996,1242.5172,122.931366
5997,1242.6696,121.85266
5998,1242.822,122.00409
5999,1242.9744,118.499054
6000,1243.1268,118.37027
6001,1243.2792,117.15427
6002,1243.4316,118.72191
6003,1243.584,120.13892
6004,1243.7364,125.48659
6005,1243.8888,127.74878
6006,1244.0412,129.29176
6007,1244.1936,126.83899
6008,1244.346,122.07533
6009,1244.4984,118.25991
6010,1244.6508,116.54132
6011,1244.8032,117.37018
6012,1244.9556,120.08379
6013,1245.108,121.50885
6014,1245.2604,118.71813
6015,1245.4128,117.20378
6016,1245.5652,112.455986
6017,1245.7176,108.43397
6018,1245.87,105.35581
6019,1246.0224,107.136154
6020,1246.1748,108.23369
6021,1246.3272,107.174805
6022,1246.4796,107.49696
6023,1246.632,107.479
6024,1246.7844,107.36275
6025,1246.9368,107.829254
6026,1247.0892,109.31414
6027,1247.2416,110.807976
6028,1247.394,109.16704
6029,1247.5464,106.49947
6030,1247.6988,105.85295
6031,1247.8512,106.58574
6032,1248.0036,110.23141
6033,1248.156,115.094826
6034,1248.3084,116.607765
6035,1248.4608,118.3968
6036,1248.6132,118.47902
6037,1248.7656,114.22388
6038,1248.918,113.15931
6039,1249.0704,109.947815
6040,1249.2228,108.448944
6041,1249.3752,107.82027
6042,1249.5276,107.76059
6043,1249.68,107.656784
6044,1249.8324,107.19473
6045,1249.9848,108.25356
6046,1250.1372,107.73515
6047,1250.2896,107.53715
6048,1250.442,107.93782
6049,1250.5944,107.790794
6050,1250.7468,106.83467
6051,1250.8992,105.47916
6052,1251.0516,105.47223
6053,1251.204,105.68494
6054,1251.3564,106.05161
6055,1251.5088,106.39869
6056,1251.6612,107.115555
6057,1251.8136,107.25074
6058,1251.966,107.86381
6059,1252.1184,107.62138
6060,1252.2708,107.19734
6061,1252.4232,106.41875
6062,1252.5756,106.190414
6063,1252.728,106.744125
6064,1252.8804,106.52804
6065,1253.0328,107.16487
6066,1253.1852,107.91969
6067,1253.3376,107.49689
6068,1253.49,107.96768
6069,1253.6424,107.894646
6070,1253.7948,107.03442
6071,1253.9472,107.331764
6072,1254.0996,107.137085
6073,1254.252,107.47417
6074,1254.4044,105.809586
6075,1254.5568,106.11347
6076,1254.7092,106.90468
6077,1254.8616,107.04965
6078,1255.014,106.76556
6079,1255.1664,107.23471
6080,1255.3188,107.10475
6081,1255.4712,106.783356
6082,1255.6236,106.41412
6083,1255.776,105.40795
6084,1255.9284,106.534256
6085,1256.0808,107.376755
6086,1256.2332,107.639725
6087,1256.3856,108.6834
6088,1256.538,109.08128
6089,1256.6904,107.97858
6090,1256.8428,107.40487
6091,1256.9952,108.03082
6092,1257.1476,107.10004
6093,1257.3,108.02389
6094,1257.4524,107.227776
6095,1257.6048,106.98567
6096,1257.7572,106.86226
6097,1257.9096,106.86218
6098,1258.062,106.62262
6099,1258.2144,106.9293
6100,1258.3668,107.28586
6101,1258.5192,107.494415
6102,1258.6716,107.124466
6103,1258.824,107.499664
6104,1258.9764,108.45357
6105,1259.1288,108.9126
6106,1259.2812,109.22759
6107,1259.4336,111.49547
6108,1259.586,112.579285
6109,1259.7384,114.130165
6110,1259.8908,113.59796
6111,1260.0432,112.9046
6112,1260.1956,112.894684
6113,1260.348,112.9801
6114,1260.5004,112.255394
6115,1260.6528,111.84507
6116,1260.8052,111.31157
6117,1260.9576,111.912
6118,1261.11,111.96443
6119,1261.2624,110.563866
6120,1261.4148,110.925064
6121,1261.5672,110.56677
6122,1261.7196,111.65819
6123,1261.872,114.77815
6124,1262.0244,118.49394
6125,1262.1768,121.49909
6126,1262.3292,121.285255
6127,1262.4816,122.294464
6128,1262.634,122.01969
6129,1262.7864,125.09441
6130,1262.9388,128.16281
6131,1263.0912,126.84964
6132,1263.2436,122.39262
6133,1263.396,115.27958
6134,1263.5484,110.56997
6135,1263.7008,107.530914
6136,1263.8532,107.78752
6137,1264.0056,107.882225
6138,1264.158,108.13863
6139,1264.3104,108.97112
6140,1264.4628,107.89964
6141,1264.6152,108.65922
6142,1264.7676,108.63295
6143,1264.92,109.301956
6144,1265.0724,109.25804
6145,1265.2248,109.21865
6146,1265.3772,108.76693
6147,1265.5296,109.139755
6148,1265.682,109.048004
6149,1265.8344,108.952545
6150,1265.9868,108.91612
6151,1266.1392,109.05066
6152,1266.2916,109.099915
6153,1266.444,109.22995
6154,1266.5964,108.40073
6155,1266.7488,107.9848
6156,1266.9012,108.719315
6157,1267.0536,108.48675
6158,1267.206,107.7691
6159,1267.3584,108.80842
6160,1267.5108,110.361984
6161,1267.6632,110.2582
6162,1267.8156,110.85173
6163,1267.968,111.591995
6164,1268.1204,110.19104
6165,1268.2728,110.60538
6166,1268.4252,111.783356
6167,1268.5776,113.5108
6168,1268.73,116.941956
6169,1268.8824,115.35006
6170,1269.0348,114.82403
6171,1269.1872,115.066666
6172,1269.3396,112.29529
6173,1269.492,112.44951
6174,1269.6444,110.74985
6175,1269.7968,109.90372
6176,1269.9492,110.46272
6177,1270.1016,110.43181
6178,1270.254,109.18423
6179,1270.4064,109.46334
6180,1270.5588,108.2314
6181,1270.7112,107.87433
6182,1270.8636,107.21048
6183,1271.016,110.28394
6184,1271.1684,111.85387
6185,1271.3208,112.033356
6186,1271.4732,112.23479
6187,1271.6256,107.835205
6188,1271.778,106.92413
6189,1271.9304,107.229576
6190,1272.0828,107.3069
6191,1272.2352,107.58826
6192,1272.3876,106.98414
6193,1272.54,107.725204
6194,1272.6924,108.943474
6195,1272.8448,109.45172
6196,1272.9972,110.11682
6197,1273.1496,108.332596
6198,1273.302,104.5035
6199,1273.4544,102.89945
6200,1273.6068,100.95058
6201,1273.7592,100.17676
6202,1273.9116,102.80948
6203,1274.064,103.91804
6204,1274.2164,103.00734
6205,1274.3688,102.97266
6206,1274.5212,104.200226
6207,1274.6736,106.077545
6208,1274.826,108.01477
6209,1274.9784,102.69767
6210,1275.1308,99.79796
6211,1275.2832,96.37846
6212,1275.4356,98.23593
6213,1275.588,108.43678
6214,1275.7404,115.72522
6215,1275.8928,121.157455
6216,1276.0452,119.79715
6217,1276.1976,112.27746
6218,1276.35,106.03549
6219,1276.5024,103.7857
6220,1276.6548,104.407845
6221,1276.8072,102.96316
6222,1276.9596,102.07452
6223,1277.112,103.290634
6224,1277.2644,104.32461
6225,1277.4168,105.33595
6226,1277.5692,106.005775
6227,1277.7216,106.08382
6228,1277.874,106.84162
6229,1278.0264,107.1585
6230,1278.1788,106.0516
6231,1278.3312,104.572815
6232,1278.4836,104.03701
6233,1278.636,103.9769
6234,1278.7884,104.47148
6235,1278.9408,105.57867
6236,1279.0932,105.65686
6237,1279.2456,104.779785
6238,1279.398,104.29865
6239,1279.5504,104.10281
6240,1279.7028,104.53197
6241,1279.8552,105.32358
6242,1280.0076,104.79959
6243,1280.16,105.72204
6244,1280.3124,106.555984
6245,1280.4648,106.49654
6246,1280.6172,106.76987
6247,1280.7696,105.545334
6248,1280.922,104.8064
6249,1281.0744,105.98806
6250,1281.2268,106.63541
6251,1281.3792,106.76665
6252,1281.5316,106.46116
6253,1281.684,105.14131
6254,1281.8364,103.335754
6255,1281.9888,103.35447
6256,1282.1412,103.01825
6257,1282.2936,102.802246
6258,1282.446,103.38452
6259,1282.5984,103.07663
6260,1282.7508,103.38951
6261,1282.9032,103.99655
6262,1283.0556,104.134186
6263,1283.208,103.973114
6264,1283.3604,104.24868
6265,1283.5128,103.9385
6266,1283.6652,103.746765
6267,1283.8176,103.54463
6268,1283.97,103.426056
6269,1284.1224,103.41965
6270,1284.2748,103.40442
6271,1284.4272,104.0664
6272,1284.5796,103.740425
6273,1284.732,103.89287
6274,1284.8844,103.56357
6275,1285.0368,102.088524
6276,1285.1892,101.89534
6277,1285.3416,101.85405
6278,1285.494,103.62688
6279,1285.6464,104.2737
6280,1285.7988,107.30635
6281,1285.9512,107.16832
6282,1286.1036,108.77022
6283,1286.256,109.308716
6284,1286.4084,108.76558
6285,1286.5608,106.17096
6286,1286.7132,106.35373
6287,1286.8656,107.50899
6288,1287.018,106.38095
6289,1287.1704,107.016655
6290,1287.3228,108.62707
6291,1287.4752,107.91574
6292,1287.6276,107.409195
6293,1287.78,109.49286
6294,1287.9324,111.43878
6295,1288.0848,112.37956
6296,1288.2372,113.99315
6297,1288.3896,114.186104
6298,1288.542,113.288086
6299,1288.6944,112.941696
6300,1288.8468,113.291275
6301,1288.9992,114.0374
6302,1289.1516,114.81793
6303,1289.304,115.334206
6304,1289.4564,114.337585
6305,1289.6088,114.35045
6306,1289.7612,115.74668
6307,1289.9136,115.228035
6308,1290.066,113.87414
6309,1290.2184,113.45235
6310,1290.3708,112.84723
6311,1290.5232,112.928665
6312,1290.6756,111.89447
6313,1290.828,110.135765
6314,1290.9804,107.920334
6315,1291.1328,106.838486
6316,1291.2852,106.91826
6317,1291.4376,105.81958
6318,1291.59,104.68325
6319,1291.7424,104.355225
6320,1291.8948,105.73636
6321,1292.0472,107.01007
6322,1292.1996,108.65311
6323,1292.352,109.335175
6324,1292.5044,108.824974
6325,1292.6568,108.859474
6326,1292.8092,108.412994
6327,1292.9616,107.46159
6328,1293.114,106.541855
6329,1293.2664,106.413864
6330,1293.4188,107.20055
6331,1293.5712,107.841034
6332,1293.7236,107.63379
6333,1293.876,108.24509
6334,1294.0284,107.59729
6335,1294.1808,107.47319
6336,1294.3332,106.65141
6337,1294.4856,106.31261
6338,1294.638,105.81169
6339,1294.7904,105.541016
6340,1294.9428,105.9218
6341,1295.0952,105.61246
6342,1295.2476,106.22696
6343,1295.4,106.89138
6344,1295.5524,106.528404
6345,1295.7048,106.730515
6346,1295.8572,107.30859
6347,1296.0096,108.72081
6348,1296.162,108.45483
6349,1296.3144,108.67834
6350,1296.4668,108.69805
6351,1296.6192,108.6646
6352,1296.7716,108.09975
6353,1296.924,107.329346
6354,1297.0764,107.1264
6355,1297.2288,107.21397
6356,1297.3812,107.11694
6357,1297.5336,107.167145
6358,1297.686,107.88637
6359,1297.8384,107.835594
6360,1297.9908,108.35268
6361,1298.1432,108.92092
6362,1298.2956,108.16295
6363,1298.448,108.08803
6364,1298.6004,108.31719
6365,1298.7528,108.56865
6366,1298.9052,108.53958
6367,1299.0576,108.58176
6368,1299.21,108.56293
6369,1299.3624,108.40881
6370,1299.5148,108.431564
6371,1299.6672,108.82969
6372,1299.8196,109.228516
6373,1299.972,109.935
